   sample sugar_content
1        1          10.9
2        2          10.9
3        3          10.6
4        4          10.0
5        5           8.0
6        6           8.2
7        7           8.6
8        8          10.9
9        9          10.7
10      10           8.0
11      11           7.7
12      12           7.8
13      13           8.4
14      14          11.5
15      15          11.2
16      16           8.9
17      17           8.7
18      18           7.4
19      19          10.9
20      20          10.0
21      21          11.4
22      22          10.8
23      23           8.5
24      24           8.2
25      25          10.6