       age      wage
231655  18  75.04315
86582   24  70.47602
161300  45 130.98218
155159  43 154.68529
11443   50  75.04315
376662  54 127.11574
450601  44 169.52854
377954  30 111.72085
228963  41 118.88436
81404   52 128.68049
302778  45 117.14682
305706  34  81.28325
8690    35  89.49248
153561  39 134.70538
449654  54 134.70538
447660  51  90.48191
160191  37  82.67964
230312  50 212.84235
301585  56 129.15669
153682  37  98.59934
158226  38 200.54326
11141   40  50.40666
448410  75  85.38394
305116  40 160.64248
233002  38  94.07271
8684    49 277.60142
229379  43  84.04596
86064   34  65.11085
378472  57 116.26532
157244  18  70.47602
82694   55 195.67631
7690    51 101.40205
377879  33  81.28325
9747    34 111.72085
233301  36  89.88005
157123  56  87.98103
230823  70  87.98103
80406   25 103.90247
228851  32 105.92781
153810  27  66.22941
81383   28  34.60742
303642  27 109.83399
87492   43  45.28217
8692    50  73.77574
86929   39  81.28325
380872  52 154.68529
449480  35 267.90109
305136  57 176.98965
227963  25  66.22941
232863  33 116.26532
8621    57 200.54326
379668  71 101.82435
84595   43 272.29478
154634  23  35.03342
450864  30 114.47571
84377   22  81.28325
234086  59 200.54326
154482  28 148.41316
85916   61  99.68946
161065  34 111.72085
12003   43 152.83880
228071  54 117.14682
13479   69  77.73760
81494   41  87.98103
159076  48 125.52550
159207  49 123.33610
447501  42 158.29462
153767  37 200.54326
81071   55  99.68946
376442  21  70.47602
87299   58  94.07271
228621  31  81.28325
232494  25  81.28325
228400  32 100.76427
451860  40  94.07271
157058  44  99.68946
159583  60 268.26629
233759  23  81.28325
159224  63 113.56709
374859  44  87.98103
11710   47 128.68049
86298   61 106.72398
453021  55  66.04469
161431  24  51.52196
305888  42  85.38394
232199  25  76.89360
86568   34  90.48191
447500  53  68.07643
452506  53 130.98218
450908  70 127.90123
82573   47 131.22459
159196  46  99.68946
156110  33  76.89360
14148   34 107.90392
232000  22  81.28325
453486  74  99.68946
156065  40  98.59934
229079  45 200.54326
450905  43 156.50351
10660   33 144.94436
449456  62 118.88436
374660  37 121.43031
87463   54 111.72085
9273    34  68.74809
377517  50 114.47571
231592  46  95.23071
303825  41  87.98103
156310  63  64.27440
303376  38 128.68049
230586  35 114.47571
450109  29 112.64890
379991  66  81.28325
87291   37  75.89548
228517  39 112.13692
160971  42  85.38394
307464  51  94.07271
449246  55 114.47571
233043  51 176.98965
377184  38 276.77841
8033    49 101.82435
233687  42  91.69923
447751  43  86.69515
230398  38 162.94646
378429  59 139.21379
447412  57  95.23071
13924   25  66.96164
87630   49 131.19432
84600   41  90.48191
451987  38 114.47571
160246  61  79.12808
307755  49 104.59174
375007  52 132.48782
303430  43 141.77517
379330  60 123.08970
8339    46 134.70538
83190   21  55.76739
452580  61 106.92181
302701  32 118.88436
83222   58  87.98103
159871  35  88.92961
82108   26  81.28325
229714  32  94.07271
159048  37 106.92181
302868  22  59.09706
10499   51  65.11085
84127   44 120.58944
11661   35 157.70053
86282   60 129.45364
305327  40 176.98965
81655   35  59.09706
303953  35  94.07271
374752  47 134.70538
159109  43  81.28325
159285  33  81.28325
159909  60 153.45752
378138  38 136.87637
9786    53  75.04315
86191   55 130.22083
154759  57 104.92151
12122   64  49.55534
306309  43 123.90857
377137  35 123.08970
375944  54  78.15516
304068  45  73.77574
156557  58 138.29913
306779  48 127.11574
161021  46  68.74809
85966   46  84.39111
453692  55  85.38394
233313  51 128.68049
9681    49  70.47602
379875  34  76.89360
305250  53 148.41316
84642   40 148.41316
451306  50 175.96088
228212  37  98.59934
157989  39 145.14360
88028   52  99.68946
155697  50 141.08887
234523  48 123.08970
233149  47 129.45364
13626   27 111.72085
234640  39 103.90247
453255  44 118.88436
154195  37 151.59148
232628  52 101.82435
85539   26  99.68946
377464  39  99.68946
230582  25  99.68946
9573    31  94.07271
84164   58 152.21681
11880   30 104.92151
85545   27  65.11085
153581  40  95.23071
232176  55 173.87949
450900  35 193.41107
377900  48 114.47571
232371  29 160.64248
12056   25  89.49248
84397   40 120.58944
233497  27  73.77574
228458  44 127.11574
230993  49 118.88436
153269  22  34.60742
305585  45 114.47571
302536  33  85.38394
307024  63 318.34243
233435  49 141.77517
12288   39 130.98218
303912  25  73.77574
14404   29 130.98218
233441  37  75.04315
377452  35 154.99026
449474  46 104.92151
381113  58  73.11831
156406  39 123.08970
378714  41 157.70053
376309  29  81.28325
451901  37 107.25606
450725  62  78.98167
375024  27  73.77574
159821  37  94.07271
229865  56  99.68946
83880   36 176.98965
9965    23  73.77574
157250  46  99.68946
453371  26  94.07271
228243  43  95.23071
307645  36 127.11574
156420  54  99.68946
160039  62  95.68881
233379  40 109.83399
231082  53 118.88436
301920  48 176.98965
80687   23  61.18753
450566  34  81.28325
86450   43 256.40065
234600  55  81.28325
307663  59  81.28325
303900  60  55.76739
453852  49  75.35568
230477  45 130.98218
227901  31  43.73511
86826   34 114.47571
8653    26 114.47571
305209  22  81.28325
81173   40  68.57217
451854  41 109.83399
228591  36  97.49329
302140  38  62.39835
153731  48  97.49329
228955  47 134.70538
9621    47  61.18753
305165  35 118.88436
378023  49  65.11085
82989   40 109.83399
82023   32 104.92151
374706  57  73.77574
379611  56 141.77517
452592  73  90.48191
305871  29  73.77574
157388  49 134.70538
448936  30 109.83399
377039  29  91.69923
82375   36  95.23071
449852  39 156.50351
301195  48 104.92151
228628  45  99.68946
85756   50  54.59815
160269  42  32.36641
301711  58 118.88436
304988  48 109.83399
156809  48 109.83399
14133   45 118.88436
306552  41 110.78265
377157  27  93.55727
82901   44 109.83399
159765  32 118.88436
229546  46 118.88436
9730    52  52.15617
158570  22  43.73511
83618   53 117.14682
379620  34 118.88436
449489  38 148.41316
447879  42 101.82435
10076   25  94.07271
84867   29  86.69515
14063   28 141.77517
12822   46  66.96164
302239  55 118.88436
84949   56 105.76764
11129   41 118.88436
450963  61 176.98965
154245  47  65.11085
231844  52  85.38394
87485   27  72.15046
306574  33  89.24288
154477  58  65.11085
13319   27 145.80516
452710  52  87.98103
156407  45  41.09980
153297  22  68.39565
13996   25  81.28325
80386   25  73.77574
12586   41 130.98218
234325  54 148.41316
305437  23  81.22675
231481  36  63.18886
83198   31  94.07271
231026  52  92.65813
303072  46  76.89360
305362  45 118.88436
447780  40  79.85490
87269   33  86.69515
307318  42 133.97150
302976  41 125.52550
302515  25  92.89584
14041   24  72.15046
228348  24 118.88436
381272  51  70.47602
87402   41 127.11574
451721  42 114.47571
8318    30  87.98103
447992  55  54.59815
377619  23  84.04596
153764  60  85.38394
158574  40 141.77517
374992  41 110.78265
155488  80  79.85490
8969    53  97.49329
86280   40 171.76513
451302  35 137.48125
448525  55  75.35568
381232  24  73.77574
304500  39 148.41316
156397  30  95.23071
9066    68  87.98103
82172   54 109.83399
375305  27  81.28325
13745   34 118.88436
87094   53 127.11574
87118   48  85.38394
11498   59  81.28325
87260   30 118.88436
303688  45 163.51586
304050  39 104.92151
378178  45  99.68946
302298  43 281.74597
157594  30 138.29913
10835   57 176.98965
81344   53 136.87637
449687  42 186.87668
7980    23  90.48191
449444  58  85.38394
10723   43 145.14360
154638  33 120.58944
85115   56 101.82435
232201  37 108.87453
452906  41  38.60591
301654  33  92.89584
307056  50 126.32388
161096  43 191.57368
87060   53 155.90051
12303   37  87.98103
229331  20  59.09706
159410  26  73.77574
154322  29  90.48191
378567  57 118.88436
450843  47 151.59148
85580   54 272.29478
303657  38  97.49329
231767  23  68.11199
82755   31 127.11574
84630   43 272.29478
154919  33 111.72085
83800   48 127.11574
375159  33  87.98103
452406  52 114.47571
375122  30  69.79153
87199   44  94.07271
82912   38 127.27335
379794  51 160.64248
307692  47 171.76513
7744    28 141.77517
85617   52 115.37504
82419   23  72.15046
158170  65  73.77574
10787   27 127.11574
86679   33  20.93438
379950  49  79.85490
380366  27 102.87025
377229  48 115.37504
14381   38  97.49329
380704  58 104.92151
154336  40 115.37504
303935  46  93.48669
449322  53 123.08970
447585  25 118.88436
154099  42  96.37065
83458   40  84.04596
228692  35 127.11574
10081   50  95.23071
86122   34  81.28325
452287  48 102.87025
82373   49 111.72085
448894  41  94.07271
81495   37 127.11574
155436  58 104.92151
231274  28  68.11199
158044  33 128.68049
153953  50 143.92736
450724  38 103.90247
160958  48  91.69923
376843  30  95.23071
229069  49 138.29913
9667    44 118.55678
450052  50  94.07271
448988  58 114.47571
82603   45 150.01329
7878    44  97.49329
14321   35  90.48191
8396    59  81.28325
447417  45 130.98218
87860   51 150.96278
232031  61 130.98218
378256  45 145.14360
155519  34  90.48191
304018  33 113.56709
9841    45  87.98103
448723  50 157.70053
233955  50 109.83399
8039    39  84.04596
448678  26 160.64364
306092  49  47.90557
153618  20  59.09706
157194  31  81.28325
306995  49  87.98103
304167  56  87.98103
12086   61 143.80856
12979   56 110.78265
451080  51 118.88436
85699   42 120.58944
81085   45 272.29478
228178  30 105.37589
12945   48  69.01088
450263  33  87.98103
301266  50  89.24288
157405  31 171.76513
161083  48 133.23235
8459    35 200.54326
451331  47  92.89584
305396  45 148.41316
451170  52 119.74256
306067  46  82.67964
303214  47 105.92781
452388  49 267.90109
302942  36 104.92151
11666   51 127.11574
378911  46 157.70053
82114   37 148.41316
7969    23  65.11085
379907  43 104.92151
232187  34  78.39247
379987  58 139.21379
448271  44 112.64890
378868  61  79.85490
11319   40  65.11085
155212  37 111.72085
160678  33 104.92151
86604   38 176.98965
227990  41  99.68946
8348    30 104.92151
156680  51  70.81504
158692  39  94.07271
231182  56 127.11574
306711  44  97.49329
12734   51 109.83399
229031  35  75.19963
449980  27  65.11085
160714  47 146.46284
302861  51  81.28325
230508  41 127.11574
12537   63  73.77574
450603  61  65.11085
86119   46  99.68946
448869  33  79.85490
451086  35  73.77574
154643  28  87.98103
304493  50 118.88436
303813  41 284.52474
376113  23 118.88436
86394   45 106.92181
301315  63 100.01349
232504  59 108.87453
10753   30 114.47571
157040  30 115.37504
305092  45 130.98218
12728   42  79.85490
447357  57 106.92181
159513  52  22.96240
161380  54 115.18246
14457   30 103.90247
158761  47 184.46946
154582  38 314.32934
158274  47  99.68946
378307  39 128.68049
9863    50  87.98103
155729  47  54.59815
87848   45  99.68946
305240  44 118.88436
159441  52  92.16112
80586   42 127.11574
83515   18  41.70499
231410  56 109.83399
81995   50  82.67964
232366  50 277.79948
229698  53  99.68946
449667  38 176.98965
81457   27  84.04596
83804   56 163.51586
154652  50  81.28325
159717  56 130.98218
302069  50 127.11574
13267   49  72.15046
8550    42 104.92151
449709  50 186.87668
157793  53 176.98965
302529  28 139.70307
157309  45  73.77574
451256  24  66.22941
159735  25  81.28325
85268   38 104.92151
453542  47 109.83399
158301  38 154.68529
307764  33 106.92181
231800  39 277.79948
12439   52  87.98103
7412    46  90.48191
86091   42 106.92181
159115  61  56.90554
10935   32  81.28325
447841  42 107.90392
234010  61 196.12527
453198  27  91.69923
376184  45 200.54326
160130  58  32.36641
306716  25 104.92151
304809  34 100.76427
11522   44  85.38394
306077  40  82.67964
301911  51  97.49329
155698  50 121.01083
450165  64 133.97150
159956  54 148.41316
380945  42 104.92151
301907  31  81.28325
159358  25  90.48191
233565  32 106.92181
301859  51 114.47571
302193  75  53.39535
161261  28  87.98103
451254  28  66.22941
305400  32  96.37065
233567  53 272.40323
380078  36  97.15828
80581   43 200.54326
87755   51 123.08970
13685   35  99.68946
83327   46  94.07271
159834  38  81.28325
84809   43 154.68529
87700   39 109.83399
305809  37 123.08970
380902  59  73.77574
158812  33 107.90392
306821  23  73.77574
231279  37  87.98103
12575   40  27.14058
232850  25  94.07271
379119  27 102.45356
81696   47 272.29478
378745  52  94.07271
304502  23  81.28325
80930   33  87.98103
9157    37 109.83399
377201  34  80.43021
160496  51 148.41316
306557  40 148.41316
302928  50  81.28325
7880    64 118.88436
379439  54  80.48744
155174  50  91.69923
80508   32 109.35563
81575   37 104.92151
231191  19  65.11085
232830  32  76.89360
85999   42  99.68946
450673  26  99.68946
447485  46 157.70053
453584  18  49.55534
8016    43  90.48191
160160  62 111.72085
380311  44 148.41316
11315   40 133.23235
232256  43 134.70538
80679   32 118.88436
229791  48  87.98103
450800  35 109.83399
230173  61 130.98218
228889  47  89.24288
7978    55 102.87025
374363  28  76.89360
380398  52 149.69504
452862  27 102.87025
228899  22  90.48191
232593  20  69.92913
231255  42 106.92181
306356  29  87.98103
158824  31 109.83399
380061  59 151.59148
376529  36 148.41316
304383  32  66.96164
10445   32 103.90247
229647  25  99.68946
377052  43 134.70538
380800  44  43.73511
450000  57 116.70715
233715  49 141.77517
304660  41 144.47809
233026  38 134.70538
80647   58 118.88436
87572   59 189.24416
11809   39 160.64248
233001  60  96.03166
305553  56 111.06519
379752  44 148.41316
380738  70  99.68946
447577  27  81.28325
87038   47 118.88436
154076  41 127.11574
374391  29 104.92151
449807  42 112.64890
307460  51 281.74597
449365  47 114.47752
378727  48 111.72085
156087  39 134.70538
12157   23  75.35568
301568  31 119.74085
10832   59 118.88436
160170  19  27.14058
453712  42 182.02062
87395   35  65.11085
305387  38 141.77517
229944  45 114.47571
380031  58 135.59806
231476  26 117.14682
154504  30  99.68946
231749  54 277.79948
377308  38  94.07271
8330    44  94.07271
154617  52  96.37065
87791   73  75.35568
230102  65 104.92151
157248  28  95.23071
447647  53  54.59815
231197  53  89.24288
379516  52 145.14360
451555  27  96.86670
158257  57 130.98218
81725   32  84.04596
305274  51 148.15505
379947  43  49.55534
84795   50 141.77517
83423   53 115.37504
301999  54  65.11085
305108  24  85.38394
375810  40 101.82435
153403  30  95.23071
154768  45  99.68946
302561  55 147.11669
153724  45 140.39820
84494   44 109.83399
83214   37 127.11574
378589  41 115.37504
307823  44  59.09706
303202  52  76.89360
452445  55 141.77517
159137  43  70.90959
451436  27 200.54326
232410  43  97.49329
307670  46  99.68946
159052  30 186.87668
155165  43  81.28325
13246   48 160.64248
158241  33  63.96669
379243  29  87.98103
9196    24  73.77574
450568  52 145.14360
7781    50 141.77517
10997   24  76.89360
153426  42 123.90857
80273   53 118.88436
374547  49 279.19750
85217   46  54.59815
377128  40 154.68529
158403  41 180.03020
228131  41 118.88436
452170  36  87.98103
154530  34  91.69923
81780   24  59.09706
378629  44 123.90857
305370  33 109.83399
301646  25  94.07271
12249   40 117.14682
302635  48  65.11085
8793    56  97.49329
12032   25 118.01975
13257   44 141.77517
156095  27 116.17670
232674  58  75.35568
378952  52  95.23071
304280  60 111.72085
376160  39 103.90247
86736   51 147.11669
305599  31  87.98103
9903    45 118.88436
13558   43 100.76427
378086  45 120.58944
80963   40 193.86688
376772  46 118.88436
453319  51 267.90109
231608  47 174.40288
87803   52 133.97150
154604  31 154.68529
304641  40 154.68529
452853  26 118.88436
85681   49  95.23071
452452  38 109.83399
8297    50 111.72085
233667  63 134.70538
377125  35  85.90104
380656  29 118.88436
374314  33  87.98103
306069  29  92.89584
306727  62 109.83399
379612  45 124.72045
153785  56 127.90123
157154  58  97.49329
306904  39 198.35029
9761    49  92.89584
86702   24  94.07271
158105  61 148.41316
379806  58  79.85490
449268  47 118.88436
83615   41  87.98103
378890  71  94.07271
230899  47 150.07048
9311    38 176.98965
7750    31  73.77574
302750  56 125.12382
231066  44 277.79948
157343  33 107.90392
9952    36  60.73978
233281  31  92.03632
86503   55 109.83399
14172   48  66.96164
14341   50 114.47571
231725  42 170.69513
377627  25 130.98218
375298  55 127.11574
84172   28 117.14682
154047  30 123.08970
375008  46 120.58944
86259   48 130.98218
230737  42  81.28325
378052  23  36.67370
155909  60 104.92151
375457  34  74.41296
155588  45 129.06782
306550  28  84.10001
82560   33 185.91866
379734  58 105.92781
376576  47 163.51586
158927  24  63.18886
374739  56 134.70538
83417   56 120.92670
14351   23  94.07271
159265  56 132.48782
157150  45 133.23235
451548  58 145.14360
302614  30 118.88436
453033  46 150.33065
84994   48 278.96447
227948  50  98.26923
380920  43  99.68946
231461  37  94.07271
160102  49 176.98965
449353  31 166.32494
448411  54  94.07271
306810  52 139.70307
155681  70  78.39247
10055   30 141.77586
233682  44 116.26532
157882  34 148.41316
302173  38  87.98103
231216  28  90.48191
9850    38 141.77517
161403  39  63.09272
377645  52  65.11085
84260   34 151.59148
155985  33 123.08970
306353  45 118.88436
228023  58  79.85490
156832  38 104.00496
304488  63  55.53610
305737  38  99.68946
303148  31  99.68946
302080  53 193.45261
447857  21 102.87025
233741  38 164.64699
85657   18  69.61904
379124  28  99.68946
157694  33 114.47571
83479   32  99.68946
450888  29  95.23071
14252   28  82.67964
14421   42 116.94308
301908  28  54.59815
452061  36 138.29913
304906  47 130.98218
302424  53 281.74597
159404  48 163.51586
231750  36 179.21486
305745  55 126.32388
376178  37  70.47602
450343  68 118.01975
160548  65  71.31964
302678  37 114.47571
302085  33 138.29913
159635  19  54.59815
81174   50  94.07271
82948   22  80.43021
82251   40  89.24288
379828  45 117.14682
450063  36 127.11574
9535    37  81.28325
154111  24  52.40706
305404  66  99.68946
85550   35  63.18886
447980  33 196.12527
14481   44 101.82435
85819   48 107.90392
450651  47  51.23965
82222   41  99.68946
12508   55  63.18886
377741  74 148.41316
302139  33  99.68946
153833  62 130.98218
85624   56 101.82435
230790  29  99.68946
449764  56  79.85490
449202  47 160.64248
13741   45 134.70538
302523  44 160.64248
81623   25  91.69923
13718   45  75.35568
10378   40 136.15771
161366  56 134.70538
9215    56  81.98532
157493  47 176.98965
302363  39 118.88608
11991   38 121.26275
449684  48  94.07271
11238   44  99.68946
159751  42 123.90857
452407  55 118.88436
233537  61  82.67964
229847  39  81.28325
9864    30 104.92151
447299  49  99.68946
231895  33 136.15771
230128  31  81.28325
12999   35  68.50869
160782  55  81.28325
379257  36 114.47571
161228  37 118.01975
232829  33  99.68946
234092  48 118.88436
84421   47 118.88436
157953  60 123.08970
86497   28 109.83399
7737    28 102.87025
13471   48 163.51586
448820  29 117.14682
85643   40  92.30006
453480  32 100.01349
85241   33  55.06973
156206  40 101.82435
84713   42 148.41316
155666  36 115.37504
83567   39  73.77574
449541  44 267.90109
448368  43 129.45364
377037  44  96.37065
231115  29  87.98103
305375  49 104.92151
303226  47 130.98218
85015   46 190.54768
228219  41 118.01975
379558  52  79.85490
160043  43  72.47932
82149   38 148.41316
156798  42  74.44464
9029    56 118.88436
157633  39 128.68049
9820    29  87.98103
448635  33 267.90109
81776   33 104.92151
86230   41  92.89584
84040   44  70.47602
11619   45 200.54326
87714   58 102.87025
14549   29 102.87025
83620   42  65.11085
378744  68 109.83399
10047   47 127.11574
11784   30  94.07271
12453   39  67.86252
378962  42 125.52550
230457  49 165.20877
447527  36  81.28325
154701  44 112.64890
453719  54  76.89360
153784  42  75.04315
160819  39 128.68049
380247  30  59.09706
81823   33  63.77339
155141  28  84.04596
156716  38  93.93718
7546    30  82.67964
374359  25 118.88436
301939  52  81.28325
306511  26  66.96164
452755  54 166.32494
8667    62  99.68946
450499  57 141.77517
156050  32 143.13494
160046  60  35.03342
87749   40 109.83399
8363    49 111.01441
234293  54 132.48782
448089  48 148.41316
453187  35  73.77574
447835  46 143.69971
307486  42  99.68946
82464   58 272.29478
155315  30 200.54326
380158  27  85.38659
375387  55 109.83399
85776   50  61.05242
229893  55 118.88436
229973  40 145.80516
13960   32 112.64890
234361  27 106.92181
301929  49 106.92181
306789  50 127.11574
230376  50  87.98103
380304  44 144.47809
306501  57 160.40970
376743  72  87.98103
230371  23  65.11085
304137  31 176.98965
374823  36  54.59815
451590  63 109.83399
227916  48  81.69842
7993    46 114.47571
159388  55 142.63447
304858  44 160.64248
230749  44  94.07271
86325   32  54.59815
154901  60  73.77574
81954   42 160.64248
451332  48 148.41316
379839  36  87.98231
449978  31 101.82435
233080  54 111.72085
307530  29 106.92181
161327  46 126.32388
158949  35 109.83399
448811  50  92.89584
11623   25  54.59815
10265   33  96.37065
379315  34 114.47571
230661  51  94.07271
81295   33  95.23071
305243  59 139.00341
228627  62  81.28325
13060   28  94.07271
375312  40  87.98103
156535  52 138.29913
304223  29  89.49248
307620  34  92.89584
85969   25  54.59815
13360   66  94.07271
11113   43  68.74809
305667  45  92.89584
234017  35 114.47571
12837   43 109.83399
302321  49 109.83399
81373   60  77.04520
160726  46  94.07271
452148  55 101.82435
229256  32 118.88436
306650  53 133.23235
452276  57 157.10350
302510  51 281.74597
81228   59 182.02062
228440  45 119.09923
228053  56  71.68674
10471   30  85.38394
231759  21  72.15046
155837  60 138.29913
302024  60 101.82435
301193  48 109.83399
158905  39  87.98103
453630  32 115.37504
303454  51 191.57368
228501  47  86.69515
304450  44  75.85224
378489  46 166.32494
86991   28  56.90554
153315  24  99.68946
231642  37  92.89584
234448  31  99.68946
80744   72  92.89584
374333  50 101.82435
304748  36 145.14360
232443  27  76.89360
451096  27  90.48191
82862   41 127.11574
380709  20  82.67964
376073  49  99.68946
301216  25  64.15923
233939  41  89.49248
451070  53  87.98103
449595  45 127.11574
158200  32  66.96164
9638    47 148.41316
157436  26 123.08970
452319  31 133.23235
302474  32 118.88436
230090  50 120.16612
306734  46 115.37504
234336  47 112.64890
8827    55 118.88436
8301    49 148.41316
85748   25  61.18753
376569  60  95.68881
378593  62  89.24288
158180  63 127.90123
82969   31 128.68049
228806  29 109.83399
380329  51 114.47571
304795  28  76.12970
14455   36 123.08970
304663  28  99.68946
87070   38 102.87025
380220  35  96.37065
12400   46 117.14682
303868  37  90.48191
7845    41 104.92151
234319  59  73.77574
233042  51 107.90392
233381  26  99.68946
157856  34  60.15412
82387   32 123.08970
301852  23  81.28325
82525   50 143.13494
449130  25  69.09818
84343   43  78.98167
452636  36 128.68049
233211  50  54.59815
233851  34 134.70538
12233   34 104.92151
12501   55 277.60142
153789  39  78.21458
87826   40  82.67964
8875    32 117.14682
229950  63 118.88436
85730   38 109.83399
377504  67  59.09706
13650   39 116.26532
155246  31  61.18753
227999  41 114.47571
157775  47  78.39247
453565  61 122.26367
8927    61 148.41316
380898  21  54.59815
85375   22  66.04469
153469  53 126.95789
83341   47  81.28325
8279    36 127.90123
307337  36  87.98103
13148   42 123.08970
84841   54 104.92151
85515   27  87.98103
86629   36 131.73780
231027  35  73.77574
157246  60 104.92151
13588   42  91.60262
376203  41 123.08970
83057   35 131.65270
230814  34 309.57177
305515  22  70.66105
307267  47  84.85204
88046   59 102.87025
302698  29 103.90247
232536  32  94.07271
158406  49 128.68049
452654  30 106.32686
155330  33  99.25529
307313  51 133.23235
159448  37  78.39247
155833  46 130.98218
307280  63 109.83399
7401    41  96.37065
11845   40 109.83399
307683  46 281.74597
8589    45  94.07271
375802  48 200.54326
305144  28  87.98103
453214  65  87.98103
8360    50  97.49329
377324  53 107.90392
302793  48  95.68881
154537  30 109.83399
232060  37  87.38745
83048   51  88.83157
376922  55 166.32494
87672   35  94.69570
234303  33 122.26367
374328  41 132.48782
158629  34  96.37065
231349  33  89.24288
377297  49  81.28325
230086  62  73.77574
81256   31 109.83399
306063  43 100.09966
378700  43 134.26568
86261   43  91.69923
450507  48 109.54730
159849  48  70.47602
301682  50 144.20474
448787  29  99.68946
82646   52  94.07271
81754   46  87.98103
14268   40  94.07271
85704   43  81.28325
233733  54 115.37504
229393  38 107.90392
83536   32 101.40205
375861  28 144.47942
14368   33 145.14360
85295   44 163.51586
231204  41  81.28325
13498   31  40.40567
302692  48  97.49329
307635  50 117.14682
83924   47 118.88436
80239   31  84.04596
379220  40  88.81647
453870  54  86.69515
85521   24  75.35568
9738    34  98.59934
157529  65  87.98103
307581  28 109.64297
380007  30  79.85490
453715  45 166.32494
381016  35 139.00341
8356    46 145.14360
156461  47  85.38394
380325  71  99.69163
156598  39 130.98218
450872  41  68.74809
305335  33 139.70307
449727  76 176.98965
452029  20  76.89360
232822  34 134.70538
158958  26  99.68946
233370  51 148.41316
161344  25  79.85490
233394  62 128.68049
233584  37 180.77995
448801  37  94.07271
302882  32  89.49248
306349  55 130.22083
452162  36  77.49768
231483  39 148.41316
82643   46 185.28332
305066  48 128.68049
11473   34 147.11669
86233   39 106.92181
12787   50 115.37504
233174  54  91.69923
303344  60 148.41316
307057  48 111.72085
301337  47 126.32388
81731   20  65.11085
157918  60 107.90392
160058  37  54.59815
159843  46 134.70538
157233  54  72.47932
231489  51 130.98218
452313  32  91.69923
233665  35 154.68529
157818  46 114.47571
376459  38  87.98103
13375   62  80.57320
154265  47  94.07271
156078  28 141.77517
303231  61 145.14360
159873  26  94.07271
228330  49 127.11574
451634  28 113.56709
159186  61 101.59554
160564  42 134.70538
447672  31 127.11574
452613  50  87.98103
12504   44  78.39247
302206  46 318.34243
234624  54  82.67964
159256  40  97.49329
14460   38  87.85355
233287  43 184.16714
452861  43 109.83399
88065   30  95.23071
7550    58  59.09706
302313  60 118.88436
82600   45 130.98218
380306  47 134.70538
13488   47  87.98103
153493  59  67.36898
227880  36  83.32134
378323  39 118.88436
81976   40 105.92781
155452  42  85.38394
450962  29  73.77574
11853   38 139.00341
156191  58 123.08970
87661   18  55.99743
82514   35 141.77517
378030  30 154.07300
157381  48 118.88436
86485   27 114.47571
10930   40 120.92670
307771  34  97.49329
85202   54 141.77517
233889  20  75.04315
7496    50  89.49248
453337  42 198.35029
376076  45  65.26144
160307  59 107.90392
161341  44  81.28325
11390   67  76.89360
301389  26  76.89360
304303  40 140.39820
87441   42 104.92151
12175   22  81.28325
12033   43 140.39820
82301   34  79.85490
83227   44  79.85490
153765  53 268.26629
158059  54 124.72045
375572  55 148.41316
448806  30 118.88436
82280   48 176.98965
153375  48 109.83399
380151  30 127.11574
230950  38 110.78265
14546   25  91.69923
450602  59 104.92151
81692   38 272.29478
158659  40 268.26629
306889  36 163.51586
379968  60 104.92151
10750   40 123.08970
155530  28 118.88436
86633   34 148.41316
378686  39 175.44355
10144   26  96.37065
87286   28  96.93409
87895   27  99.68946
375523  34  99.68946
451283  38 311.93457
14519   51 109.83399
380780  58  87.98103
86239   42 138.29913
10984   32  47.93367
231862  27 104.92151
449495  51  99.68946
448715  50 133.23235
448977  25 115.37504
234530  60 120.92670
86190   62 148.41316
230114  53 120.58944
447347  39 144.47809
155626  23  90.48191
376579  47 148.41316
451819  32 123.08970
155900  57 268.26629
8505    40  78.39247
234613  57 107.90392
11832   31 148.41316
11081   28  89.24288
301246  58 130.98218
375987  47  87.98103
156259  41  70.47602
85655   53 108.68131
448836  27  80.57320
153902  19  65.11085
305415  47  65.11085
9743    44 118.88436
230054  32  73.77574
12519   23  54.59815
227962  31  66.22941
83739   42 272.29478
157490  50 134.70538
82456   52  46.76327
159012  20  76.89360
88116   33  81.28325
376549  26  99.68946
87170   40 166.32494
11435   29  94.07271
85129   35 114.47571
448698  34  87.98103
154709  37 118.88436
379618  37 161.91495
161267  22  73.77574
380753  39  99.68946
153467  42 103.90247
231484  44 108.87453
379211  45 107.90392
156236  42 141.77517
450978  52 160.64248
84773   27 112.18612
449829  46 169.07354
305946  59  96.37065
12507   52  81.28325
154311  19  54.59815
154975  64 107.90392
307420  38 136.87637
228741  45  65.11085
376605  53 179.52809
304583  28  66.22941
159573  39 104.92151
375743  52 176.98965
449387  41 114.47571
83565   44  76.89360
7664    48  94.07271
157200  47 127.11574
230665  31  94.07271
12813   28 103.90247
302409  45  99.68946
83416   56  87.98103
83964   47 136.15771
13483   41  94.07271
232794  49  87.98103
447864  28  97.49329
452049  19  43.73511
87163   48 117.14682
157204  47 127.11574
80604   57 272.29478
161272  39 109.83399
87121   45  66.96164
231993  52 127.90123
377133  51 118.88436
449641  46  74.43830
156429  45 143.13494
12311   40  87.98103
379397  48 128.68049
84236   47 121.43031
451645  45  98.59934
8988    49 117.14682
307325  57 109.83399
11919   77  99.68946
11403   48 160.64248
88019   56 118.88436
306940  39 163.51586
155528  44 110.78265
301789  49  87.98103
378048  58  54.59815
8841    46 127.03685
85602   39 123.08970
304529  26  73.77574
157296  61  99.68946
155829  62  94.07271
379034  47  87.98103
153627  40 118.88436
229223  35  65.11085
380392  61 141.77517
158726  38 134.70538
377495  18  76.89360
230878  45 101.40205
453110  27  99.68946
85888   22  95.23071
376196  29  73.77574
228775  50 123.08970
153559  25  99.68946
304567  35 118.88436
83140   41 127.11574
450085  38 145.14360
378923  49 118.88436
87254   36 128.68049
9513    66  92.89584
156960  23  68.74809
80462   28  99.68946
304074  42 109.83399
306048  20  43.73511
448446  37 189.24416
448106  58  32.36641
86335   45 154.68529
230002  64 114.47571
447211  45 148.41316
305589  52 101.82435
8755    42 123.08970
13308   32 118.88436
448287  40  75.04315
10187   55 160.64248
80524   46 104.92151
377969  55  81.28325
153484  53  99.68946
11876   33 104.92151
229679  45  95.23071
229435  54  99.68946
80558   32  84.04596
11650   42 176.98965
82081   35 118.88436
82799   54  94.07271
155256  38  94.07271
80446   31 101.82435
159200  41  85.38394
8197    45 142.45717
153388  49 118.88436
88113   50  95.23071
155513  40 111.72085
158884  29  59.62865
230315  25  99.68946
86782   32  99.68946
306149  51  86.69515
380883  29  93.04401
7639    32 134.70538
381143  42 145.14360
9181    59 148.41316
158451  31  87.98103
229117  29 108.39064
233600  52  73.77574
231346  35  73.77574
379646  28 106.36965
228164  50  78.39247
85693   49  72.56123
452344  39  73.77735
160400  26  38.22358
160533  31  99.68946
307204  50  50.41192
450078  62 170.46017
84607   35 123.08970
10989   22  73.77574
155859  55 110.78265
234391  63 125.52550
81772   63  75.04315
377896  39  95.23071
153951  28 118.88436
231716  43 127.11574
229399  58  70.47602
302102  38 166.32494
81714   49 139.15633
155433  62  25.29101
87168   36  81.44683
85320   54  87.98103
7420    26 116.44232
451424  46 166.32494
229703  58 149.69504
14417   22  73.77574
9241    58 277.60142
377591  63 136.87637
302226  67 129.45364
376645  44 111.72085
157321  51 178.70066
154342  46  49.55534
301885  43  82.67964
84599   40  73.77574
374558  31  92.89584
301209  41 114.47571
378837  21  84.04596
374851  51  76.89360
153917  43  79.85490
86617   34 130.98218
374294  45 148.41316
375787  35  65.11085
83031   33 134.70538
155234  46  94.07271
156931  38  94.07271
84305   44  90.48191
233131  50 111.72178
451873  55 107.90392
452428  49 191.57368
232403  47 145.14360
158091  40 138.63917
159901  21  53.63872
374894  60  93.05349
376018  56  81.28325
85534   61 128.68049
378978  44 136.15771
305552  43 160.64248
12671   29 109.83399
157620  38 148.41316
156543  26 108.39064
234246  28  67.14308
157606  38 118.01975
230929  45 109.83399
87063   39  47.33891
157575  33  62.91365
8274    44  70.47602
229913  48  99.68946
301692  45  92.79135
304818  56  99.69163
448786  40 114.47571
229605  71  89.24288
231509  30 118.88436
80950   45 148.41316
87704   41  90.48191
158664  40 118.88436
81095   59  89.16783
302918  46  73.77574
161349  38  70.47602
306415  26  93.48669
10603   53  70.47602
86007   46  99.68946
306146  42  98.59934
234661  28  54.59815
84287   30  86.69515
377509  34 118.88436
377763  46 160.64248
306688  22  59.09706
302888  37  92.72953
377799  27  63.18886
381003  52 114.47571
380799  43  65.11085
83368   52 148.41316
11548   54 109.48984
304155  47  99.68946
9144    21 105.92781
11624   42 134.70538
153897  72 189.24416
157384  38 104.92151
453498  53  82.67964
229614  35  81.28325
380993  60  76.89360
159758  39  85.38394
10899   45  73.77574
374347  61 106.60802
374986  64  95.23071
81794   39  70.47602
303090  46 105.92781
375451  25  56.45386
154262  80  94.07271
379725  51 105.92781
88050   58  75.04315
451349  52 118.88436
84848   45 138.29913
306255  41  99.68946
82384   42  95.23071
378696  31  94.07271
85794   49 123.08970
450118  47  90.48191
9457    39  87.98103
230105  53 109.83399
153266  37  85.38394
157526  52 191.57368
234243  41 101.82435
231448  39 148.41316
449095  63 171.76513
303172  23  73.45443
81506   62  87.98103
80235   43 272.29478
87943   29 102.87025
83985   43 160.64248
375234  34 123.08970
156633  38  91.69923
14384   25  85.38394
8450    64 109.83399
160165  49 114.47571
451015  46  84.31577
232095  30 114.47571
154723  33  57.35259
304780  29 104.92151
377397  32 125.52550
303182  54 108.87453
11131   40  65.11085
7535    24 109.83399
375336  30  70.81504
451744  49 145.14360
232578  47 101.82435
374914  25  84.04596
307821  44 134.70538
305822  41  97.49329
7495    54 154.68529
449798  59 200.54326
159599  25  59.73422
448887  63  91.69923
453745  49 109.83399
375738  35 114.47571
229672  24  66.22941
161522  66  92.89584
378510  57  94.07271
160189  47 118.88436
230629  44 132.48782
233946  56 127.11574
86943   34  99.68946
230497  23  40.40567
377005  30 138.29913
80350   38 102.87025
81917   43  79.85490
301556  58 111.72085
8888    36  62.19868
307676  48  70.47602
7381    35  86.04280
233790  22  99.68946
303636  50 113.56709
81716   58 100.76427
158585  20  61.18753
307816  44 113.61275
154833  50 134.70538
450754  55 104.92353
157064  39 109.83399
377858  32 276.77841
380391  50 148.41316
452617  24 148.41316
452685  53 109.83399
154958  35  81.28325
161421  25  79.85490
229694  24 109.83399
7822    57 148.41316
12679   43  65.11085
447486  33  88.29870
13835   40  91.69923
379762  39  73.77574
81141   32  70.47602
7699    48 128.68049
85842   29  94.07271
12364   35  98.59934
84080   41 133.23235
451706  52 134.70538
14152   50  91.69923
85144   35 160.63550
302797  27  99.68946
81223   57 114.47571
88062   48  97.49329
452864  41  98.04835
12144   59 104.92151
160944  55 109.83399
8105    54 133.23235
154672  34 118.88436
453271  43  73.77574
155921  43 104.92151
154732  62  62.03030
233690  45  97.49329
86143   40 145.80516
156740  33  82.67964
12718   45 148.41316
449744  21  49.55534
448117  54  73.77574
154750  43  73.77574
83654   54 127.11574
81277   35 109.83399
379686  23  61.59458
227939  61 111.44047
80897   51 138.29913
231662  43 127.11574
154839  20  75.35568
305114  51 139.00341
450873  65 118.88436
447174  37 109.83399
377920  24  66.23310
161041  36  73.29308
14541   45 130.98218
376938  33 276.77841
447645  36  86.91033
80720   32 109.83399
447722  45 118.88436
155179  51 104.92151
8907    33 136.87637
160862  47  84.04596
155453  37 196.12527
378199  41 121.43031
12156   23  96.39780
447458  57 128.68049
232327  61 148.41316
301930  47  85.38394
158517  29  87.98103
12579   37  99.68946
13995   57 148.41316
82195   39  81.28325
306499  59 145.80516
302319  31 149.05590
447816  26  97.49329
449074  51 118.01975
229524  38  99.68946
232133  51 118.88436
85388   50  79.85490
13298   32 118.88436
307289  38 160.64248
7589    49 176.98965
9082    40  73.77574
305036  60 154.68529
302117  30 101.82435
160497  41 130.98218
450224  32 114.47571
449975  26 105.92781
80475   41  81.28325
378718  53 134.70538
13370   35  97.49329
380165  50 109.83399
86118   43 171.76513
159505  50  67.82679
450919  19  73.77574
80496   42  91.69923
302736  53  66.96164
81910   22  95.23071
159140  49  98.59934
8846    33 109.83399
7415    31  81.28325
80565   43  90.48191
452789  57 109.83399
13535   40 148.41316
156743  48  84.52947
87391   46 101.82435
450392  58 104.92151
155733  50 104.92151
12600   38  99.68946
80237   33 101.40205
306346  52 149.05590
81445   48  73.77574
231389  53 160.64248
378598  37 118.88436
306310  43 119.40520
380028  54 107.90392
86072   41 154.86837
11321   57  75.35568
307301  54 118.53950
447298  25  76.89360
161253  35  62.19868
377359  29 182.02062
453728  36 267.90109
14042   43 141.77517
304908  41 186.87668
160028  52  72.15046
13005   48  49.55534
158124  51  81.28325
86567   55 118.88436
82851   37  97.49329
305392  48 111.72085
153650  42 101.82435
304093  43 127.11574
233121  32  87.98103
230850  33  84.04596
157822  48  78.39247
451294  20  46.36650
14543   43 132.86077
159847  58  61.59458
83903   38  99.68946
378535  23  66.22941
453171  54 108.87453
301347  66  99.68946
453420  47 152.83880
155699  35  76.89360
380739  39 143.13494
9766    35 125.20429
234383  40  75.61070
232723  41 109.83399
81234   40 176.98965
229581  50  59.09706
87788   35  99.68946
452608  43  95.23071
8652    26 104.92151
451324  23  49.55534
160285  61 130.98218
84767   24  43.73511
229001  66 118.88436
230839  50 109.83399
11453   22  75.04315
87015   62  91.69923
157453  55 105.92781
87789   41  73.77574
10827   54 170.15683
450748  29 138.29913
83883   39 101.82435
230302  71  87.98103
160949  22  78.39247
302490  48 123.08970
452615  35 116.26532
156728  46  90.48191
158466  51 109.83399
8344    55 104.92151
7436    36 118.88436
374803  57  94.07271
12491   21 141.77517
232762  60 128.68049
230998  41  73.77574
84524   56 139.35381
13464   32  94.07271
159550  32  73.77574
234248  36 107.90392
234357  28  64.54207
451267  60 138.29913
155944  41  89.24288
228029  55  99.68946
159068  36 109.83399
228443  46  90.48191
376883  62  89.49248
233097  44 102.76628
228418  36 118.88436
80966   41 148.41316
229478  22 114.47571
374483  51 129.98363
381181  57 110.78265
12955   55 114.47571
161502  36 148.41316
380218  43 276.77841
156036  38  23.95294
229899  27 103.90247
305122  32 118.88436
450849  44  71.68674
376406  56 276.77841
303218  38 141.77517
156645  36  99.68946
14338   28 108.87453
14140   39  79.85490
380621  42  78.98461
447629  51  82.67964
86490   55  89.49248
302168  39 130.98218
158551  42 109.70605
233702  33 117.14682
378925  23  73.77574
160680  40  81.28325
158298  40  80.85820
450290  51 107.90392
305059  76  76.89360
301937  57  87.98103
160924  27  95.23071
12963   26  84.04596
10344   25  99.68946
8757    27 101.40205
82071   33  87.98103
155631  51  87.98103
9139    22  94.07271
10933   47 128.19964
449746  34 136.51766
379247  47 107.90392
13497   31 123.08970
14109   46  91.69923
234415  47  78.39247
234376  49 154.68529
155250  40 136.15771
85134   51  81.28325
381020  31  76.28328
159971  58 109.83399
9591    48  87.78844
83666   54 127.11574
301931  56 154.07300
307750  61 109.83399
453302  32 138.29913
307225  60 164.64699
230293  42 138.29913
154660  22  44.97829
156739  46 106.72398
8789    53 114.47571
375928  43  73.77574
447995  32  75.35568
447215  30 141.77517
448598  50 109.83399
229234  40 277.79948
447888  55  79.85490
82715   42 166.32494
82946   35  75.35568
80449   33 100.08674
86044   33 102.87025
157202  38 118.71209
450096  41 117.14682
448535  42 123.50002
450450  58 148.41316
451844  45  76.89360
451460  47 109.83399
11973   30 105.92781
452739  34 160.64248
230033  43 149.69504
377968  58  99.68946
447810  44 104.92353
9620    28  61.18753
83273   46 105.92781
381222  36 107.90392
301976  37  70.81504
381289  47 160.64248
307040  56  99.68946
450227  38 111.72085
302539  41  75.35568
86544   62  94.07271
86015   40  87.98103
84882   44 123.08970
301497  56  99.68946
378528  51  76.89360
7539    41  86.69515
14035   52 176.98965
379720  27 100.76427
87842   52 114.47571
12496   51  67.17929
453550  51  79.85490
12905   28  90.48191
307423  49  57.97094
302880  61 114.47571
229722  39  99.68946
13420   23  89.49248
305048  53 151.80510
81872   55  87.98103
11889   48  87.98103
301313  50 104.92151
448972  31  65.11085
304644  53 128.68049
380216  49 154.68529
154881  49 130.98218
85010   43 120.58944
303653  20  81.28325
374554  46 110.17293
7830    48 152.21681
14307   19  70.47602
83763   56  85.38394
161310  44 101.82435
450610  23  85.38394
8736    42 101.82435
379881  32 118.88436
161031  32  73.77574
156574  43  73.77574
380839  57 138.61099
380501  26 109.83399
449794  67 151.59148
81288   31 176.98965
231420  49 103.90247
10519   29 128.68049
381177  41 108.87453
229249  35  87.98103
453598  39  95.23071
82185   33  98.59934
453746  53 141.77517
448132  43 123.08970
86463   36  94.65402
84715   38 148.41316
155547  58 104.92151
83136   45 123.08970
8414    34  94.59610
304459  30 127.11574
378108  21  29.37698
155401  39 129.45364
228504  28 109.83399
376032  54  99.68946
305001  24  90.48191
10568   57  70.81504
158869  48  95.23071
82571   31 109.83399
233856  47 182.02062
85706   44 160.64248
87534   30  70.47602
158028  41 130.98218
376894  26 105.92781
450739  32 109.83399
453840  39  97.47101
85005   42 111.72085
12029   24 172.21727
233756  44 129.45364
228877  30 127.11574
233966  58 134.70538
376565  33  94.07271
375596  56  94.07271
7603    28  96.93409
376986  41 276.77841
448055  22  32.36641
81116   37  84.45025
228861  18  65.11085
87034   37  84.71839
305311  43 167.70658
378766  49  94.07271
13578   36 134.70538
302454  47  81.28325
160354  52 134.70538
452525  34 114.47571
83954   62 130.98218
302858  44 104.92151
11897   48 152.21681
305534  51 124.72045
448547  35 148.41316
154312  42  89.24288
13095   34  82.67964
155937  50  94.07271
233677  50 153.45752
82261   55  46.76327
450761  56 129.45364
11935   50 130.98218
449193  44  94.07271
13380   30  99.68946
13510   34 128.68049
303955  50  73.77574
82964   51 110.78265
155032  53  99.68946
81944   40  91.69923
228060  34  82.67964
228305  36 118.88436
8471    44 148.41316
375955  54  95.23071
378357  36 163.51586
228453  62 279.50178
375260  33 114.47571
84747   44 102.87025
9001    80  87.98103
13523   45  87.98103
377490  58  70.47602
85233   51 101.82435
8658    60 277.60142
302756  33  87.98103
228793  28 104.92151
85808   37 127.11574
229152  56  99.68946
449705  59 171.76513
85799   56  75.04315
155865  34  72.15046
85689   37  34.60742
450894  36  94.07271
378221  45 176.98965
230406  36 140.39820
376602  23  27.14058
156489  56 127.11574
7568    33 114.47571
453257  48 127.11574
376581  28  82.67964
379989  37 101.82435
234332  56  86.69515
11046   22  63.18886
303385  60 114.92652
450697  30  81.28325
156124  50 101.82435
161043  38 101.82435
449651  55 103.18133
233230  26 113.56709
231523  39 148.41316
154395  42 148.41316
304408  71 105.69145
380248  33 128.68049
83466   49  51.75144
13091   45  81.28325
84078   41 158.29462
14266   59  54.12121
82469   33 127.11574
450648  47  71.68674
230082  34 145.14360
302568  23  94.07271
452618  32 127.90123
449703  30 102.87025
228508  54  89.49248
453301  46 104.92151
8172    52 137.59014
380101  50 176.98965
306319  57  97.49329
10780   46 100.76427
8168    30  81.28325
234147  32  56.90554
379279  53 105.92781
13027   48 138.29913
159780  31 108.87453
153749  50  76.89360
87231   41 109.83399
381130  47  94.07271
83569   37  75.35568
82380   24  74.57116
87411   53  81.28325
80378   39  95.23071
306390  47 145.14360
233582  36 140.39820
230156  34 148.41316
80860   45  99.68946
157459  60  59.09706
228496  43 118.88436
453835  20  64.35102
376688  27 133.23235
84683   35  59.09706
380971  50 104.92151
448578  56  60.15412
376787  19  30.92375
231118  35 109.83399
7373    23  65.11085
156889  45  94.07271
80853   54  65.11085
379750  43  87.98103
377519  42 176.98965
11199   51 189.24416
306981  49  79.85490
232149  48 111.18546
13294   50 118.88436
229612  37  81.28325
12617   38 186.87668
451199  58 154.68529
7609    41 124.72045
231686  51 277.79948
234389  51  99.59199
229901  44  87.98103
153622  43 114.47571
86931   34 145.14360
9860    43 138.29913
82359   59 256.40065
83774   61 113.56709
379289  40 118.01975
451529  49 104.92151
157319  55 130.98218
10740   54 123.08970
83212   41 109.83399
234447  29 109.83399
448296  66 138.29913
229238  61 107.43397
156703  34 105.92781
303382  41 121.43031
83663   48  85.38394
13264   26  91.69923
228067  54  90.48191
379994  44 104.92151
374633  60 147.11669
380994  57  81.28325
452521  53 107.90392
301537  54 118.88436
452259  37 104.92151
380756  62 127.11574
156099  40  87.98103
379666  39 111.72085
13066   55  81.28325
233531  57 123.08970
159976  45 176.98965
155361  41  82.67964
301559  28 102.76628
159911  58 120.58944
378511  47 141.77517
303173  60 106.92181
155313  26 268.26629
231958  52 109.83399
375616  31  99.68946
307319  63 200.54326
12456   42 109.83399
448765  30 125.52550
301777  52 114.47571
11762   38 160.64248
379995  29  99.68946
302475  42 160.64248
303761  57 125.52550
7976    46 133.23235
157964  21  75.04315
9336    34 109.83399
379954  39  63.18886
230714  26  95.23071
83126   42 111.72085
82701   48  78.39247
452203  54  99.68946
154263  80  82.67964
230644  37  78.39247
304966  31  81.28325
156987  41  70.81504
88084   37 148.41316
160389  43 130.60223
81881   54 200.54326
83677   39 148.41316
80890   45  87.98103
306629  21  96.14407
12188   59 104.92151
301793  29  62.23868
447716  29 137.59014
10043   33  87.98103
156286  45 155.90051
376933  53 176.98965
160815  63 123.08970
84588   56 138.29913
156257  21  63.18886
306463  39  73.77574
304367  30 182.02062
156055  42 116.26532
84965   40  94.07271
86137   47 148.41316
7434    43  20.08554
13145   42 111.72085
376834  50 148.41316
80861   39  81.28325
307009  50  70.47602
9407    60  92.89584
448011  57  87.98103
301160  38  89.49248
87472   49 102.87025
86258   51  73.77574
86622   33  66.22941
234539  59 117.14682
233141  41 101.82435
160720  33 116.26532
380833  28 126.32388
447332  49  82.74175
13074   51 112.64890
377769  36 118.88436
159957  26  87.98103
14047   22  54.02997
229085  47 117.14682
156367  59 118.88436
86170   41 127.90123
231625  32  87.98103
376206  45 109.83399
374441  39  68.74809
229681  64  95.23071
84975   36 134.70538
80338   61  81.28325
158704  34  68.74809
86260   52 134.70538
377704  33  81.28325
450907  36 150.69518
8898    34  94.07271
86506   39  75.35568
81695   59 141.77517
452011  49 175.93300
233422  40 198.35029
232655  49  94.07271
161451  25  81.28325
450319  59  81.28325
305903  39  76.43645
12064   40  94.07271
448531  51 104.92151
450203  63 110.78265
302905  53  92.89584
377539  25  99.68946
306049  53  85.38394
234286  23  75.35568
82123   36  72.15046
13073   19  31.41100
12975   47  92.89584
9152    43 103.90247
85858   40 111.72085
449352  38 180.77995
156000  63 109.83399
374878  45  36.67370
374341  32  73.77574
453736  37  98.59934
83544   37  57.46365
374646  41 118.88436
14363   45  82.67964
380303  22  81.28325
11668   58 227.45893
156595  44  91.69923
303371  39 116.26532
12558   40 141.77517
154495  33  81.28325
232910  35  91.09322
448457  63 114.47571
156591  45 160.64248
374845  31  99.68946
154639  41  92.89584
376657  66 276.77841
453155  45  82.67964
302655  47  99.68946
234441  35 124.72045
10756   52 100.76427
157788  62 169.80034
159478  47  82.67964
82408   40 136.87637
231687  41 277.79948
451735  48 118.88436
14361   55 118.88436
447846  64 114.47571
87736   29  61.18753
159033  49 118.88436
452456  32 133.23235
229915  41  82.67964
85977   58 148.41316
158370  41 148.41316
306799  34  96.93409
86857   43 154.68529
154144  23  87.98103
155861  40 102.87025
302734  46 281.74597
87460   35 106.92181
301952  42 148.41445
452190  47 111.72085
302487  45 148.41316
375314  34 108.87453
80513   57 104.92151
8245    32  86.17379
450802  55 102.87025
380599  22  76.28328
8760    51 124.72045
228870  26  66.96164
86333   27  54.59815
82672   34 166.32494
303408  48  91.70164
379215  23  78.34656
153433  41 111.72085
452035  49 151.59148
12738   47 120.58944
10025   35 117.14682
302428  50  81.98532
230517  55 137.59014
451939  69  40.40567
83710   45 154.68529
11155   40 154.68529
10801   47 143.32532
377849  22  78.39247
155762  42  85.38394
380873  47 159.47418
11350   48  66.22941
449916  28 111.72085
11955   49  90.72708
452076  51 128.68049
158386  58 148.41316
8307    32 114.47571
452919  55  87.98103
304571  49  94.07271
84662   46  87.98103
157527  44 182.02062
155753  25  87.98103
85476   73  92.89584
86888   18  72.15046
11885   52 122.26367
379300  28  72.15046
84104   51  82.67964
451062  44 176.98965
379529  44 141.77517
155117  29  95.23071
234168  48 141.77517
228808  62 101.82435
85191   40 131.73780
159708  24  66.32519
155806  48 118.88436
378375  54 163.51586
155162  69 114.47571
230689  48 123.08970
158165  73  40.19437
448727  30  70.51342
154715  41  73.77574
449784  48 100.87946
82382   63  84.04596
159218  29  85.38394
81077   40 141.77517
303201  52  91.09322
375099  54 114.47571
452764  33 267.90109
84935   42 160.64248
302956  31  94.07271
231714  46 139.67587
377432  44 125.12382
450157  45 113.56709
155744  40 182.02062
12978   31 102.87025
228951  19  76.89360
156037  43 109.83399
302728  56 142.45717
233642  55 101.82435
228903  59 118.88436
449895  49 102.87025
451041  42 128.68049
376582  27  61.18753
160144  34  81.28608
379821  47 276.77841
161269  35 268.26629
87217   33 104.92151
160293  35 144.47809
86674   40 118.88436
87761   53  94.07271
303104  47  73.77574
229277  45 196.12527
452824  34 169.07354
232086  25  69.61904
233767  56 124.72045
12838   54 115.51809
159042  41  89.24288
375741  46 276.77841
85607   44 170.69513
86744   44  99.68946
11797   46 148.41316
452631  38 114.47571
374872  36 128.68049
448646  27  99.68946
379131  33 128.68049
231134  56 140.39820
9431    52 111.72085
379883  33 125.52550
376403  32  94.07271
376258  39 118.88436
14511   22  72.15046
449447  53 104.92151
231149  36 277.79948
13208   37  73.77574
376577  40 130.98218
9330    51  78.21458
380510  40  90.48191
234379  56 117.14682
449359  50  99.68946
449768  49 166.32494
304596  32  81.28325
83073   21  84.04596
80331   48 114.47571
307248  48  73.77574
87597   32 115.10620
161439  30  53.02755
234656  30 118.88436
153663  33  79.85490
11542   56  56.45386
81869   46  90.48191
156792  49 104.92151
376283  24  87.98103
452245  48 147.11669
231515  37 109.83399
306859  53 118.88436
82001   56 141.77517
375236  34 108.87453
86010   56 104.92151
230943  48 109.83399
228764  47  27.14058
156896  52  70.47602
453724  40 166.87938
379194  25 127.11574
452457  35 117.14682
232552  40 103.90247
450777  22  34.60742
158588  50 100.01349
377411  48  64.86897
302723  40 109.83399
153400  45 127.11574
86089   30 114.47571
160883  46 117.14682
379090  34 134.70538
302129  32  65.11085
86755   53 143.13494
377441  32  76.89360
87396   39  99.68946
307386  51  94.07271
84169   40  75.35568
449775  66 127.11574
228357  40 166.32494
449987  52 133.23235
303856  36 125.52550
304921  32  89.49248
374988  45  84.04596
229150  37 169.07354
84663   47 160.64248
379349  49 144.17061
157534  53  73.77574
305469  66  70.47602
231089  33  73.77574
82956   58  94.07271
379819  41  83.19132
449534  54 134.70538
448935  26  86.69515
375717  24  70.47602
304731  62 130.98218
10772   63 136.30400
14158   26 114.02258
85775   45 106.12758
161082  23  87.98103
377328  31 116.26532
155957  44 143.13494
154985  43  54.59815
87716   48  48.18565
374629  48 123.08970
232517  55 117.58434
84219   45 272.29478
380749  48 145.14360
453653  63 118.88436
81828   57  97.49329
377546  69 148.41316
451614  31 127.11574
160598  38 268.26629
7816    43 109.83399
157421  19  51.90370
9691    44 114.47571
304770  31 134.70538
81122   49  87.98103
233881  29  95.23071
377413  26  76.89360
303918  37 116.26532
229437  30  81.28325
447724  35 131.62180
85017   40 117.14682
9109    44  68.74809
84346   65 125.52550
301863  54 101.82435
452767  56 140.39820
380912  48 107.90392
450623  37  58.01478
7899    30  99.68946
13782   46  85.38394
452871  37 131.73780
13456   58  81.28325
306022  52  86.69515
232102  45 157.70053
375105  33  65.11462
81175   51  90.48191
375985  50  46.76327
233063  42  85.38394
85647   46 139.70307
11736   43 148.41316
153843  47  81.28325
10673   47 118.88436
84898   44  71.15196
375389  36  65.11085
374477  39  65.11085
160912  29 125.52550
13605   40 123.08970
305951  20  70.81504
84566   32 112.64890
160765  36  86.69515
449036  31  82.67964
13295   28 130.98218
7863    41 117.14682
87877   54 176.98965
86166   42 118.88436
160895  19  68.74809
450033  59 267.90109
156104  64  99.68946
160718  31  92.65813
81086   37 109.83399
87767   30  87.98103
13125   24 118.88436
231653  26  75.04315
85304   44 114.47571
375038  39 276.77841
9595    48 277.60142
87553   53  80.57320
81392   42 114.47571
451374  44 166.32494
158047  25  85.38394
81515   46  43.73511
153519  52 101.82435
380550  33  87.98103
304366  30 121.43031
304377  38 109.83399
9064    29  79.85490
378073  57 127.11574
158940  50 115.28552
380022  23  98.60154
227841  46 144.47809
12002   61 136.15771
304602  70 100.76427
450489  59  76.89360
158881  57  90.48191
154684  25  86.69515
9521    48 123.90857
451147  52  65.11085
448799  44 131.73780
86446   40  66.96164
378317  43 196.12527
7499    51 166.32494
154659  43  65.11085
159096  42 120.58944
379777  28 101.82435
161093  54 148.41316
8398    34 159.05203
86001   50 109.83399
9947    36 140.05120
13597   36 132.35248
8402    71 118.88436
229336  31  97.49329
9471    43 134.70538
307463  20  72.15046
303301  23  87.98103
307758  42  49.55534
8704    41 149.05590
450579  27 122.26367
377548  29 101.82435
379802  41  99.68946
155828  41 104.92151
160072  22  81.28325
158458  39  73.77574
380862  50  82.67964
229278  49 148.41316
158416  42 118.88436
374326  38 129.45364
84906   55 134.70538
10154   47  79.85490
304890  52  68.11199
448330  56  40.40567
302440  30 131.73780
8594    56 134.70538
160473  46 114.47571
452589  43 126.32388
154916  35 116.70715
453566  58 109.83399
453173  69  81.22675
231286  68  87.98103
83337   52 127.11574
8625    46 104.92151
304249  39 107.90392
452699  66 109.83399
13542   30 117.14682
233331  30 107.90392
12638   43  72.15046
376869  49 160.64248
11100   54 148.41316
379372  48 143.13494
376009  37  97.49329
304338  46 141.77517
304116  53 148.41316
452574  31 109.83399
230268  18  59.09706
159545  49 152.52822
229535  39  81.28325
161425  40  43.73511
376778  37  96.37065
232700  24 101.82435
306371  35 130.98218
304010  27  82.67964
154423  44 130.98218
377710  46  89.24288
8072    40  85.11853
306740  39 166.32494
374463  42 100.76427
155676  37  99.68946
378483  58 123.08970
11655   40 163.51586
159926  27  85.38394
161488  31  75.35568
380370  44  65.11085
154590  38  92.65813
86392   34 137.59014
12146   41 134.85153
301904  20  72.47932
375850  28 178.53305
449254  55  98.59934
378197  38 115.37504
12275   33  73.77574
447285  43  36.67370
229216  50 123.08970
379593  55  87.98103
10380   24  73.93572
378289  41 176.98965
453516  37 118.88436
8978    42 134.70538
87747   25  90.48191
13594   45 148.41316
448361  40  81.28325
82431   43 130.98218
227968  50 176.98965
154580  42  82.67964
155201  38 131.73780
228062  44  82.67964
301131  19  41.44121
81508   44 117.14682
160105  26  73.77574
10455   54  86.69515
230783  32  99.68946
380368  49 141.77517
8521    35  70.81504
302231  34  72.15046
154400  23  54.59815
376389  60 127.11574
231469  54  73.77574
155163  31 139.70307
229213  47 160.64248
161447  48  23.95294
11017   48 115.37504
81252   35 114.47571
227917  55 127.11574
82223   35 137.59014
450449  37 176.98965
155027  27  23.27470
301716  64  90.48191
160957  52  73.77574
307162  47  82.67964
153288  26  56.90554
10549   41 128.68049
448079  22  75.04315
85787   76  73.77574
232991  46 108.06583
232011  39 123.08970
234060  39 277.79948
83770   23  73.77574
228316  49 123.90857
451479  44  87.98103
233965  20  70.47602
8562    43 277.60142
231536  42 148.41316
451622  46 114.47571
451993  33  99.68946
159704  62 268.26629
228435  38 130.98218
11386   43 109.83399
10964   46 277.60142
227859  18  73.77574
449407  63 267.90109
233646  43 119.74085
450142  44 141.77517
375066  53 128.25266
377927  58  90.48191
154494  23  76.89360
80376   50 127.11574
81068   35 118.88436
233828  38 200.54326
85640   36  87.98103
10274   32 148.41316
153933  56 268.26629
10377   41  87.98103
87797   40  99.68946
84394   26  82.67964
232457  26 130.98218
377675  47 108.87453
304688  25  54.59815
233833  58 309.57177
374782  57  82.68240
154678  30  59.62865
303392  44 166.32494
453674  29  79.85490
302464  51 118.88436
230110  37  92.89584
86348   67 160.64248
449111  34  70.47602
156748  50 120.58944
8312    38 160.64248
378918  55 171.76513
154871  27 120.58944
302382  39 134.70538
305523  54 148.41316
377010  55 129.45364
157367  49 134.70538
154310  42  56.90554
8265    39  87.98103
154479  32  68.11199
14202   39 128.68049
161025  50 134.70538
85939   47  94.07271
158022  40  87.98103
229664  51 118.88436
448419  28  68.74809
301493  53  94.07271
9698    54 118.88436
451173  51  91.69923
377766  33 134.70538
379628  55 127.11574
158239  44 100.76427
450366  30 105.92781
10192   40  87.98103
303306  26  99.68946
230907  49 112.64890
87177   43 163.51586
85563   43  82.67964
378239  44  79.85490
232251  32  49.55534
448807  34 152.83880
451298  36 148.41316
234574  51 101.40205
303467  42  95.68881
160372  60 118.88436
80668   36  76.89360
230140  47 118.88436
87724   60 138.29913
159738  22  54.59815
13820   41  65.11085
159737  56 109.83399
158555  44  73.77574
8911    49 105.92781
230355  45 116.26532
155813  25  94.07271
304171  52 118.88436
154382  30 148.41316
447429  29 104.92151
307480  23  79.85490
301212  48 108.87453
450515  44 109.83399
160071  62 127.11574
231742  33 151.59148
379911  51 105.92781
231151  36 200.54326
7548    23  59.09706
157269  51  68.74809
378112  47 176.98965
158610  34 103.90247
87409   34  82.67964
451122  43 200.54326
227949  43 101.82435
451359  40 163.51586
13067   59 104.92151
374802  53 109.83399
86228   32 104.92151
379346  48 107.90392
376228  37 182.02062
228763  20  75.04315
85100   32  61.18753
87786   40  85.38394
87346   48 123.82373
10641   43 176.98965
451408  56 118.88436
159969  55 268.26629
376315  38  89.49248
233368  52  92.89584
155264  40 127.11574
7747    29 115.37504
302426  45 130.98369
157328  39  68.74809
9454    50 182.02062
160476  50 143.80856
84722   57 134.70538
160518  30  63.18886
12284   56  75.35568
375528  43 176.99068
83300   43 104.92151
9974    67 123.08970
11998   50 111.72085
11771   49 111.72085
85840   50  87.98103
83877   59 144.21076
305966  51 117.14682
7951    39  78.39247
451372  54  99.68946
83243   55 123.08970
10311   45 127.11574
159643  54 139.00341
378452  23 127.11574
153846  74  70.47602
13108   52 109.83399
11905   25  70.81504
375715  45  70.47602
82621   37 176.98965
12425   55 113.56709
82295   25  82.67964
379133  66 148.41316
305527  47 161.22250
13255   36 127.11574
86181   63 134.70538
157316  44 160.64248
450927  37 267.90109
229450  32 104.92151
85047   43 134.70538
447600  37 123.08970
450428  26  66.96164
85993   39  91.69923
378229  45 160.64248
449815  40 136.87637
229998  51 153.45752
448218  52  61.18753
306163  43  65.11085
11664   52 114.47571
8194    50 182.02062
14196   54 114.47571
88022   28  97.49329
160061  28 136.87637
7840    26  97.49329
450384  45  81.28325
160299  34  73.77574
233831  73 118.88436
449264  31 113.56709
12477   29  90.48191
375640  40 160.64248
161055  38 179.52809
82687   42 147.76678
301552  50  87.98103
375238  51  59.03285
453137  40 107.31606
379538  25  49.55534
451582  47 144.47809
447462  27  81.28325
158645  53  81.63527
87154   67  87.98103
378986  40 130.98218
160715  44  87.98103
81037   33  81.28325
82804   29  89.24288
154694  32 114.11339
452218  27 104.92151
157720  40 112.64890
374624  36  56.90554
153643  48  87.98103
86198   56 118.88436
84791   24 127.11574
232289  53 134.70538
374507  34 107.90392
305083  61 281.74597
87712   38  48.18565
306948  55 127.11574
13141   70  50.35400
155887  24  81.28325
228654  22  75.04315
304515  38 104.92151
83807   29  79.85490
229996  30 130.98218
301419  38 171.76513
306410  49  97.49329
452996  71  98.59934
14126   32  84.04596
158400  40 299.26298
87273   32  70.81504
231271  33  82.67964
155621  40  73.77574
11861   25  77.49768
154008  36  91.69923
161216  46 141.77517
447422  59  93.72167
156545  49 143.13494
13641   41  91.69923
304636  42 130.98218
452513  59  87.98103
81809   27  76.48844
231777  30  71.68674
9019    54  87.98103
9487    31  80.57320
304371  34 163.51586
305970  47 107.90392
155402  40 133.23235
307501  29  73.77574
155886  58  87.98103
229104  41 119.01335
87711   56 102.12700
374720  52 136.87637
156049  53 118.88436
159113  37  65.11085
449072  30  94.07271
87306   35 138.29913
229074  40 118.88436
302202  54  79.85490
303505  22  63.18886
11180   37 134.70538
9111    39 295.99125
447235  62 109.83399
304337  47 104.92151
159650  51 148.41316
234513  47  99.68946
159500  28 118.88436
12446   65  95.68881
9781    42 114.47571
305890  58 104.92151
306575  32 101.82435
153588  34 146.46284
306484  49  79.85490
377256  39 145.14360
379428  44  76.40585
450934  38  84.04596
377314  48 115.37504
234185  47 105.92781
448466  40  72.15046
12792   27  79.85490
80262   42 103.90247
82810   30  88.99238
301634  31  99.68946
306030  29 112.64890
231565  53 138.29913
451279  37  68.74809
307401  48 109.31532
453377  56 148.41316
159201  44  99.68946
84893   63 118.01975
161391  25  65.11085
161397  31  94.07271
161416  51  98.59934
306010  25  87.98103
306687  50  99.68946
232349  34 108.87453
83445   20  82.67964
303155  30  89.49248
450065  40  97.49329
231998  34  56.90554
80918   57  65.11085
304411  42  89.49248
155790  30  84.04596
159561  37  94.07271
377472  50  85.38394
450455  26  78.39247
304184  59 160.40970
154351  29 132.86077
447182  22  87.98103
13962   54 158.17366
154728  46 118.88436
380298  51 101.40205
230171  35  59.09706
307415  49  85.38394
161305  53  87.98103
451605  61 160.64248
301838  40  70.47602
154752  52  47.74778
8804    40 130.98218
158531  56  85.38394
379706  39  99.68946
306214  30  93.87868
158084  58 130.98218
305029  33 167.98113
307412  51 126.08506
377739  32 148.41316
451296  50 132.48782
157053  26 118.88436
303357  35 109.83399
233408  31 102.87025
449482  31 133.38061
376816  44 154.68529
302281  30  99.68946
10033   27  66.22941
14375   27  87.98103
453557  55  90.48191