 3.37095845  2.3219253
 1.43530183  1.2161611
 2.36312841  3.5757275
 2.63286260  2.6428993
 2.40426832  2.0897606
 1.89387548  2.2765507
 3.51152200  2.6792888
 1.90534096  2.0898329
 4.01842371 -0.9930901
 1.93728590  2.2848830
 3.30486965  1.6327654
 4.28664539  2.1852306
 0.61113930  2.5818237
 1.72121123  3.3997368
 1.86667866  1.2727079
 2.63595040  3.3025426
 1.71574708  2.3358481
-0.65645542  3.0385061
-0.44046693  2.9207286
 3.32011335  2.7208782
 1.69336141  0.9568811
 0.21869157  1.9098136
 1.82808264  2.6235182
 3.21467470  1.0464766
 3.89519346  1.4571712
-5.43046913  2.5809965
-5.25726938  2.7681787
-6.76316309  2.4637676
-4.53990265  1.1142237
-5.63999488  0.9002191
-4.54454988  3.5127070
-4.29516266  2.2579214
-3.96489648  2.0884402
-5.60892638  1.8791035
-4.49504488  0.8056711
-1.71700868 -1.3880031
-0.78445901 -2.2171398
-0.85090759 -2.1827567
-2.41420765 -1.0666537
 0.03612261 -1.1782269
 0.20599860 -0.6078836
-0.36105730 -2.4761739
 0.75816324 -1.3496514
-0.72670483 -0.6088895
-1.36828104 -3.1107889
 0.43281803 -2.8607926
-0.81139318 -3.1317387
 1.44410126 -3.4592140
-0.43144620 -1.9200174
 0.65564788 -1.3467957